0.000000 0.106578 0.189473 0.248683 0.284209 0.296051 0.284209 0.248683 0.189473 0.106578 
0.021023 0.102383 0.161521 0.198435 0.213127 0.205595 0.175841 0.123864 0.049664 -0.046759 
0.037374 0.097659 0.137182 0.155944 0.153944 0.131182 0.087659 0.023373 -0.061673 -0.167482 
0.049053 0.092406 0.116458 0.121209 0.106661 0.072811 0.019661 -0.052789 -0.144540 -0.255592 
0.056061 0.086624 0.099347 0.094232 0.071277 0.030483 -0.028151 -0.104624 -0.198936 -0.311088 
0.058397 0.080313 0.085851 0.075011 0.047793 0.004196 -0.055778 -0.132130 -0.224861 -0.333970 
0.056061 0.073473 0.075968 0.063547 0.036208 -0.006047 -0.063220 -0.135309 -0.222315 -0.324238 
0.049053 0.066104 0.069700 0.059839 0.036523 -0.000249 -0.050476 -0.114159 -0.191298 -0.281893 
0.037374 0.058207 0.067045 0.063888 0.048738 0.021592 -0.017548 -0.068682 -0.131811 -0.206934 
0.021023 0.049780 0.068004 0.075695 0.072852 0.059476 0.035566 0.001124 -0.043852 -0.099362 
